0.000000e+00
1.000000e+00
9.843750e-01
9.843750e-01
9.687500e-01
9.531250e-01
9.375000e-01
9.218750e-01
9.062500e-01
8.750000e-01
8.593750e-01
8.281250e-01
7.968750e-01
7.656250e-01
7.343750e-01
7.031250e-01
6.718750e-01
6.250000e-01
5.937500e-01
5.625000e-01
5.156250e-01
4.687500e-01
4.218750e-01
3.750000e-01
3.437500e-01
2.812500e-01
2.500000e-01
1.875000e-01
1.406250e-01
9.375000e-02
4.687500e-02
0.000000e+00
-4.687500e-02
-9.375000e-02
-1.406250e-01
-1.875000e-01
-2.500000e-01
-2.812500e-01
-3.437500e-01
-3.750000e-01
-4.218750e-01
-4.687500e-01
-5.156250e-01
-5.625000e-01
-5.937500e-01
-6.250000e-01
-6.718750e-01
-7.031250e-01
-7.343750e-01
-7.656250e-01
-7.968750e-01
-8.281250e-01
-8.593750e-01
-8.750000e-01
-9.062500e-01
-9.218750e-01
-9.375000e-01
-9.531250e-01
-9.687500e-01
-9.843750e-01
-9.843750e-01
-1.000000e+00
-1.000000e+00
-1.000000e+00
-1.000000e+00
-1.000000e+00
-9.843750e-01
-9.843750e-01
-9.687500e-01
-9.531250e-01
-9.375000e-01
-9.218750e-01
-9.062500e-01
-8.750000e-01
-8.593750e-01
-8.281250e-01
-7.968750e-01
-7.656250e-01
-7.343750e-01
-7.031250e-01
-6.718750e-01
-6.250000e-01
-5.937500e-01
-5.625000e-01
-5.156250e-01
-4.687500e-01
-4.218750e-01
-3.750000e-01
-3.437500e-01
-2.812500e-01
-2.500000e-01
-1.875000e-01
-1.406250e-01
-9.375000e-02
-4.687500e-02
0.000000e+00
4.687500e-02
9.375000e-02
1.406250e-01
1.875000e-01
2.500000e-01
2.812500e-01
3.437500e-01
3.750000e-01
4.218750e-01
4.687500e-01
5.156250e-01
5.625000e-01
5.937500e-01
6.250000e-01
6.718750e-01
7.031250e-01
7.343750e-01
7.656250e-01
7.968750e-01
8.281250e-01
8.593750e-01
8.750000e-01
9.062500e-01
9.218750e-01
9.375000e-01
9.531250e-01
9.687500e-01
9.843750e-01
9.843750e-01
1.000000e+00
1.000000e+00
1.000000e+00
1.000000e+00
1.000000e+00
9.843750e-01
9.843750e-01
9.687500e-01
9.531250e-01
9.375000e-01
9.218750e-01
9.062500e-01
8.750000e-01
8.593750e-01
8.281250e-01
7.968750e-01
7.656250e-01
7.343750e-01
7.031250e-01
6.718750e-01
6.250000e-01
5.937500e-01
5.625000e-01
5.156250e-01
4.687500e-01
4.218750e-01
3.750000e-01
3.437500e-01
2.812500e-01
2.500000e-01
1.875000e-01
1.406250e-01
9.375000e-02
4.687500e-02
0.000000e+00
-4.687500e-02
-9.375000e-02
-1.406250e-01
-1.875000e-01
-2.500000e-01
-2.812500e-01
-3.437500e-01
-3.750000e-01
-4.218750e-01
-4.687500e-01
-5.156250e-01
-5.625000e-01
-5.937500e-01
-6.250000e-01
-6.718750e-01
-7.031250e-01
-7.343750e-01
-7.656250e-01
-7.968750e-01
-8.281250e-01
-8.593750e-01
-8.750000e-01
-9.062500e-01
-9.218750e-01
-9.375000e-01
-9.531250e-01
-9.687500e-01
-9.843750e-01
-9.843750e-01
-1.000000e+00
-1.000000e+00
-1.000000e+00
-1.000000e+00
-1.000000e+00
-9.843750e-01
-9.843750e-01
-9.687500e-01
-9.531250e-01
-9.375000e-01
-9.218750e-01
-9.062500e-01
-8.750000e-01
-8.593750e-01
-8.281250e-01
-7.968750e-01
-7.656250e-01
-7.343750e-01
-7.031250e-01
-6.718750e-01
-6.250000e-01
-5.937500e-01
-5.625000e-01
-5.156250e-01
-4.687500e-01
-4.218750e-01
-3.750000e-01
-3.437500e-01
-2.812500e-01
-2.500000e-01
-1.875000e-01
-1.406250e-01
-9.375000e-02
-4.687500e-02
0.000000e+00
4.687500e-02
9.375000e-02
1.406250e-01
1.875000e-01
2.500000e-01
2.812500e-01
3.437500e-01
3.750000e-01
4.218750e-01
4.687500e-01
5.156250e-01
5.625000e-01
5.937500e-01
6.250000e-01
6.718750e-01
7.031250e-01
7.343750e-01
7.656250e-01
7.968750e-01
8.281250e-01
8.593750e-01
8.750000e-01
9.062500e-01
9.218750e-01
9.375000e-01
9.531250e-01
9.687500e-01
9.843750e-01
9.843750e-01
1.000000e+00
1.000000e+00
1.000000e+00
1.000000e+00
1.000000e+00
9.843750e-01
9.843750e-01
9.687500e-01
9.531250e-01
9.375000e-01
9.218750e-01
9.062500e-01
8.750000e-01
8.593750e-01
8.281250e-01
7.968750e-01
7.656250e-01
7.343750e-01
7.031250e-01
6.718750e-01
6.250000e-01
5.937500e-01
5.625000e-01
5.156250e-01
4.687500e-01
4.218750e-01
3.750000e-01
3.437500e-01
2.812500e-01
2.500000e-01
1.875000e-01
1.406250e-01
9.375000e-02
4.687500e-02
0.000000e+00
-4.687500e-02
-9.375000e-02
-1.406250e-01
-1.875000e-01
-2.500000e-01
-2.812500e-01
-3.437500e-01
-3.750000e-01
-4.218750e-01
-4.687500e-01
